1
00000
00000
00100
00000
00000

2
00000
00100
00100
00000
00000

3
00000
00100
00100
00100
00000

3
00000
00100
00110
00000
00000

4
00100
00100
00100
00100
00000

4
00000
00100
00100
01100
00000

4
00000
00100
00110
00100
00000

4
00000
00110
00110
00000
00000

4
00000
00100
01100
01000
00000

5
00100
00100
00100
00100
00100

5
00100
00100
00100
01100
00000

5
00100
00100
01100
01000
00000

5
00000
00100
01100
01100
00000

5
00000
01100
00100
01100
00000

5
00100
00110
00100
00100
00000

5
00000
00100
00100
01110
00000

5
00000
01000
01000
01110
00000

5
00000
01100
00110
00010
00000

5
00000
01000
01110
00010
00000

5
00000
01000
01110
00100
00000

5
00000
00100
01110
00100
00000

